0.33 0.14 -0.14 0.02 0.02 0.07 0.08 0.05 0.07 0.04 -0.16 -0.15 0.02 0.05 -0.07 -0.01 -0.12 0.51 -0.70 0.00
0.01 0.48 -0.16 0.14 0.13 0.16 -0.15 0.37 0.24 -0.13 0.39 -0.17 -0.01 0.16 -0.18 0.31 0.17 -0.18 -0.02 -0.22
0.30 0.13 0.01 -0.14 0.25 -0.09 -0.03 0.03 -0.02 0.03 -0.21 -0.00 -0.09 0.10 0.42 0.15 0.60 -0.08 0.04 0.43
0.25 -0.06 -0.07 -0.14 -0.49 -0.03 -0.00 0.24 -0.39 -0.05 0.37 0.07 -0.17 -0.20 0.38 0.28 -0.10 0.09 -0.01 -0.07
-0.08 0.38 -0.13 -0.31 0.13 0.09 -0.53 -0.08 -0.27 0.39 -0.07 0.16 -0.22 -0.06 0.03 -0.27 -0.06 0.02 -0.02 -0.19
0.18 -0.38 -0.00 0.35 0.18 0.34 -0.06 0.09 0.11 0.48 -0.01 -0.11 0.07 -0.35 0.19 0.02 0.16 -0.07 -0.03 -0.31
0.28 0.17 0.19 -0.15 0.23 -0.28 0.19 -0.05 0.13 0.21 -0.21 0.14 0.02 -0.05 0.06 0.42 -0.48 -0.32 -0.02 -0.17
0.33 0.14 -0.14 0.02 0.02 0.07 0.08 0.05 0.07 0.04 -0.16 -0.15 0.02 0.05 -0.07 -0.01 -0.12 0.51 0.70 -0.02
0.20 -0.12 -0.16 0.15 -0.09 -0.12 -0.41 -0.53 0.22 0.01 0.19 0.01 -0.25 -0.19 -0.27 0.30 -0.01 0.02 0.03 0.28
0.23 0.13 0.38 0.01 0.06 -0.38 -0.08 0.10 0.36 -0.11 0.33 -0.03 -0.06 -0.29 0.14 -0.51 -0.01 0.06 -0.00 -0.04
0.21 -0.18 -0.36 0.11 0.15 -0.25 0.30 0.27 -0.12 0.14 0.09 0.38 -0.39 0.10 -0.35 -0.21 0.10 -0.11 0.00 0.01
0.13 -0.17 0.01 -0.41 0.36 0.38 0.19 -0.25 -0.02 -0.43 0.11 -0.12 -0.36 -0.09 0.01 -0.03 0.01 -0.03 -0.02 -0.25
0.05 0.25 -0.31 0.21 0.23 0.13 0.20 -0.34 -0.09 -0.10 0.31 0.42 0.42 -0.12 0.25 -0.10 -0.08 0.03 0.01 0.07
0.09 -0.15 -0.45 -0.32 -0.25 -0.28 0.03 -0.23 0.29 0.12 0.05 -0.18 0.23 0.28 0.15 -0.12 0.17 -0.13 -0.03 -0.36
0.28 0.10 -0.15 -0.23 -0.13 0.16 0.08 0.09 -0.17 0.05 -0.02 -0.34 0.30 -0.35 -0.33 -0.21 -0.06 -0.39 0.03 0.34
0.33 0.04 0.04 0.20 -0.24 0.05 -0.27 0.01 -0.04 -0.45 -0.45 0.33 0.11 -0.07 -0.11 -0.07 0.16 -0.17 -0.03 -0.33
0.18 -0.23 0.05 0.17 0.39 -0.33 -0.29 -0.02 -0.52 -0.14 0.15 -0.31 0.23 0.25 -0.04 0.01 -0.09 0.00 -0.01 -0.10
0.04 0.37 0.18 0.34 -0.21 -0.07 0.36 -0.42 -0.28 0.14 -0.01 -0.30 -0.26 0.04 -0.03 -0.08 0.20 -0.10 -0.02 -0.21
0.30 -0.06 0.13 0.14 -0.15 0.38 -0.11 -0.04 0.11 0.08 0.11 0.03 -0.13 0.59 0.18 -0.24 -0.31 -0.25 0.02 0.20
0.20 -0.06 0.46 -0.29 -0.07 0.13 0.06 -0.11 -0.07 0.24 0.27 0.29 0.29 0.18 -0.37 0.12 0.31 0.17 -0.01 -0.09
