0.33 -0.29 0.28 0.07 -0.43 -0.16 0.17 0.33 0.08 0.02 -0.00 -0.16 -0.13 -0.26 0.23 0.16 -0.06 -0.31 0.21 -0.07
0.12 0.31 0.11 -0.08 0.23 -0.37 0.12 0.12 -0.11 0.06 -0.18 -0.19 0.16 -0.19 0.08 0.00 -0.23 0.21 -0.06 -0.10
-0.10 -0.07 0.01 -0.03 -0.05 0.04 0.14 -0.10 -0.10 0.28 -0.22 0.04 -0.20 -0.26 -0.10 0.05 0.06 0.17 0.10 0.35
0.01 0.09 -0.08 -0.08 -0.17 0.21 -0.09 0.01 0.09 0.01 0.07 -0.23 0.13 -0.18 -0.13 0.12 0.10 0.21 0.08 -0.16
0.02 0.03 0.11 -0.22 0.03 0.05 0.09 0.02 -0.04 0.01 0.05 0.13 0.09 -0.13 -0.05 -0.11 0.15 -0.12 -0.06 -0.05
0.02 0.05 -0.03 -0.01 0.02 0.10 -0.09 0.02 -0.04 -0.12 -0.08 0.11 0.04 -0.09 0.05 0.01 -0.11 -0.03 0.12 0.04
0.01 -0.03 -0.01 0.00 -0.12 -0.00 0.05 0.01 -0.10 -0.01 0.08 0.06 0.05 0.02 0.02 -0.06 -0.06 0.10 -0.03 0.02
0.00 0.10 -0.00 0.06 0.00 0.05 -0.01 0.00 -0.12 0.03 0.07 -0.04 -0.07 -0.02 0.01 0.02 0.01 -0.07 -0.01 -0.01
0.01 0.05 -0.01 -0.07 -0.04 0.03 0.02 0.01 0.04 0.07 -0.02 0.01 -0.02 0.06 -0.03 -0.00 -0.09 -0.04 0.02 -0.01
0.01 -0.03 0.01 -0.01 0.05 0.05 0.03 0.01 0.01 -0.02 0.02 -0.07 -0.02 0.00 0.01 -0.07 -0.03 0.01 0.01 0.03
-0.01 0.03 -0.01 0.04 -0.03 -0.03 -0.03 -0.01 0.03 0.03 0.00 -0.00 0.04 -0.02 0.01 -0.07 0.01 -0.03 0.02 0.02
-0.01 -0.01 -0.00 0.01 0.01 -0.01 0.01 -0.01 0.00 -0.00 0.03 -0.01 0.03 -0.01 -0.03 0.03 -0.02 -0.02 0.00 0.02
-0.00 0.00 -0.01 -0.01 -0.01 0.01 0.00 -0.00 -0.02 -0.00 -0.03 -0.02 0.03 0.02 0.02 0.01 0.02 -0.02 -0.01 0.02
0.00 0.01 0.01 -0.01 -0.00 -0.02 -0.00 0.00 -0.01 -0.02 0.01 -0.01 -0.01 0.02 -0.02 -0.01 0.02 0.00 0.04 0.01
-0.00 -0.01 0.02 0.02 0.00 0.01 0.00 -0.00 -0.01 0.01 -0.02 0.00 0.01 0.01 -0.02 -0.01 -0.00 -0.00 0.01 -0.02
-0.00 0.01 0.00 0.01 -0.01 0.00 0.01 -0.00 0.01 -0.02 -0.01 0.00 -0.00 -0.00 -0.01 -0.00 0.00 -0.00 -0.01 0.00
-0.00 0.00 0.01 -0.00 -0.00 0.00 -0.01 -0.00 0.00 -0.00 0.00 -0.00 -0.00 0.00 0.00 0.00 -0.00 0.00 -0.00 0.00
0.00 -0.00 -0.00 0.00 0.00 0.00 -0.00 0.00 -0.00 0.00 -0.00 0.00 0.00 0.00 -0.00 -0.00 0.00 -0.00 -0.00 0.00
0.00 -0.00 -0.00 0.00 0.00 0.00 -0.00 0.00 -0.00 0.00 -0.00 0.00 -0.00 0.00 -0.00 -0.00 0.00 0.00 -0.00 0.00
0.00 -0.00 -0.00 -0.00 0.00 -0.00 -0.00 0.00 -0.00 -0.00 -0.00 -0.00 -0.00 -0.00 -0.00 0.00 -0.00 -0.00 -0.00 0.00
