1.0000	0.8182	0.9524	0.8500	0.7391	0.7619	0.9048	1.0000	0.8571	0.8182	0.8571	0.7727	0.8500	0.7727	0.9500	0.9000	0.7826	0.7619	0.9000	0.7619
0.8182	1.0000	0.7826	0.6818	0.8182	0.6087	0.7391	0.8182	0.6957	0.7391	0.6957	0.6250	0.8500	0.6250	0.7727	0.7273	0.6400	0.7619	0.7273	0.6087
0.9524	0.7826	1.0000	0.8095	0.7826	0.7273	0.9524	0.9524	0.8182	0.8636	0.8182	0.8182	0.8095	0.7391	0.9048	0.8571	0.8261	0.7273	0.8571	0.8095
0.8500	0.6818	0.8095	1.0000	0.6818	0.7000	0.7619	0.8500	0.8000	0.7619	0.8000	0.7143	0.7000	0.8000	0.8947	0.8421	0.7273	0.7000	0.8421	0.7895
0.7391	0.8182	0.7826	0.6818	1.0000	0.5417	0.7391	0.7391	0.6957	0.6667	0.6250	0.6957	0.7619	0.6957	0.7727	0.6522	0.6400	0.6818	0.6522	0.6818
0.7619	0.6087	0.7273	0.7000	0.5417	1.0000	0.6818	0.7619	0.8000	0.6818	0.8000	0.7143	0.7000	0.6364	0.7143	0.7500	0.8095	0.6190	0.8421	0.7000
0.9048	0.7391	0.9524	0.7619	0.7391	0.6818	1.0000	0.9048	0.7727	0.9048	0.7727	0.7727	0.7619	0.6957	0.8571	0.8095	0.7826	0.7619	0.8095	0.8500
1.0000	0.8182	0.9524	0.8500	0.7391	0.7619	0.9048	1.0000	0.8571	0.8182	0.8571	0.7727	0.8500	0.7727	0.9500	0.9000	0.7826	0.7619	0.9000	0.7619
0.8571	0.6957	0.8182	0.8000	0.6957	0.8000	0.7727	0.8571	1.0000	0.7727	0.8095	0.7273	0.8000	0.8095	0.8095	0.8500	0.8182	0.7143	0.8500	0.7143
0.8182	0.7391	0.8636	0.7619	0.6667	0.6818	0.9048	0.8182	0.7727	1.0000	0.6957	0.6957	0.6818	0.6250	0.7727	0.8095	0.7826	0.7619	0.8095	0.8500
0.8571	0.6957	0.8182	0.8000	0.6250	0.8000	0.7727	0.8571	0.8095	0.6957	1.0000	0.7273	0.8000	0.8095	0.8095	0.7619	0.8182	0.6364	0.7619	0.6364
0.7727	0.6250	0.8182	0.7143	0.6957	0.7143	0.7727	0.7727	0.7273	0.6957	0.7273	1.0000	0.7143	0.7273	0.8095	0.6818	0.7391	0.5652	0.7619	0.8000
0.8500	0.8500	0.8095	0.7000	0.7619	0.7000	0.7619	0.8500	0.8000	0.6818	0.8000	0.7143	1.0000	0.7143	0.8000	0.7500	0.7273	0.7895	0.7500	0.6190
0.7727	0.6250	0.7391	0.8000	0.6957	0.6364	0.6957	0.7727	0.8095	0.6250	0.8095	0.7273	0.7143	1.0000	0.8095	0.6818	0.6667	0.5652	0.6818	0.6364
0.9500	0.7727	0.9048	0.8947	0.7727	0.7143	0.8571	0.9500	0.8095	0.7727	0.8095	0.8095	0.8000	0.8095	1.0000	0.8500	0.7391	0.7143	0.8500	0.8000
0.9000	0.7273	0.8571	0.8421	0.6522	0.7500	0.8095	0.9000	0.8500	0.8095	0.7619	0.6818	0.7500	0.6818	0.8500	1.0000	0.7727	0.7500	0.8947	0.7500
0.7826	0.6400	0.8261	0.7273	0.6400	0.8095	0.7826	0.7826	0.8182	0.7826	0.8182	0.7391	0.7273	0.6667	0.7391	0.7727	1.0000	0.6522	0.7727	0.7273
0.7619	0.7619	0.7273	0.7000	0.6818	0.6190	0.7619	0.7619	0.7143	0.7619	0.6364	0.5652	0.7895	0.5652	0.7143	0.7500	0.6522	1.0000	0.7500	0.7000
0.9000	0.7273	0.8571	0.8421	0.6522	0.8421	0.8095	0.9000	0.8500	0.8095	0.7619	0.7619	0.7500	0.6818	0.8500	0.8947	0.7727	0.7500	1.0000	0.8421
0.7619	0.6087	0.8095	0.7895	0.6818	0.7000	0.8500	0.7619	0.7143	0.8500	0.6364	0.8000	0.6190	0.6364	0.8000	0.7500	0.7273	0.7000	0.8421	1.0000
