-0.0143 0.2423 -0.0167
-1.2043 -0.0836 -0.4107
-0.6775 0.2070 -0.2622
-0.0134 -0.5386 0.3070
-0.7357 0.5427 -0.0953
-0.6028 0.3093 -0.3456
-0.3323 -0.1398 -0.0650
-0.7080 -0.4207 -0.2974
0.0208 0.0641 -0.3437
-0.1228 -0.1180 -0.1719
-0.3769 -0.7603 0.0951
-0.0414 0.3864 -0.2038
-0.4873 -0.0474 -0.3720
0.1901 -0.4717 -0.0003
0.4727 -0.2014 0.1356
0.0606 -0.2672 -0.0333
-0.2448 -0.9371 0.2973
-0.3981 -0.4260 -0.1009
-0.3775 0.1395 -0.1111
-0.4968 -0.1109 -0.2167
-1.4906 -0.1840 -0.3494
-1.8234 -0.5307 -0.2249
-0.5402 -0.0811 -0.3522
-0.5389 -0.3230 -0.2764
-0.3709 -0.1123 -0.2403
0.1718 -0.1559 -0.0433
-1.1402 0.8946 0.4911
0.2709 0.2105 -0.2385
0.4268 -0.0778 0.2082
-0.0095 0.0242 -0.3268
-1.7326 -0.4867 -0.0883
-0.6391 -0.2875 -0.0019
-1.4128 0.9128 0.3954
-0.2268 0.0407 -0.1724
0.0438 -0.1851 -0.3749
-1.4361 1.2236 0.8697
0.0820 0.1386 -0.1507
-0.2201 0.2049 -0.4519
-0.1456 -0.8702 0.2424
-1.1121 -0.3011 -0.3599
-1.6133 0.4850 0.2363
0.1201 0.1381 -0.3228
-0.7996 -0.4768 -0.3205
-0.3029 -0.1866 -0.3114
-0.2434 -0.2905 -0.2119
0.1420 0.0415 -0.0538
-0.7041 -0.7564 0.0495
-0.2240 -0.9497 0.2814
-0.4488 -0.0285 -0.4605
-0.4072 -0.0122 -0.4320
0.1107 0.2631 -0.4611
-0.3837 -0.0924 -0.3910
-0.9090 -0.0141 -0.3547
0.2302 -0.6286 -0.0778
0.1264 -0.4956 -0.0314
0.2803 -0.1543 -0.1411
-0.6190 0.0955 -0.3274
-0.0875 0.2183 -0.2743
-0.4975 -0.1954 -0.3442
-2.1707 -0.2270 -0.0721
-0.4131 0.4302 -0.3085
-0.0143 -0.4557 -0.1925
-0.7446 -0.4472 -0.3580
-1.5326 -0.2224 -0.0822
-0.0333 -0.0591 -0.3690
-1.7511 -0.1700 -0.3888
-0.3398 0.1010 -0.4325
0.0054 -0.5797 0.1413
-0.5934 0.1748 -0.3022
-1.8652 -0.1401 0.0099
-0.4911 0.0766 -0.3085
-0.4581 -0.3243 -0.2101
-0.5151 -0.1342 -0.3060
-0.6284 -0.1305 -0.3655
-0.3655 -0.3105 -0.4984
0.4959 -0.0757 -0.3705
0.2749 0.0036 -0.4181
-1.3083 1.1095 0.4931
-0.0980 0.0704 -0.2885
-1.9434 -0.2724 -0.1044
-1.0138 -0.3693 -0.3016
-2.0741 -0.2452 0.2349
-1.9458 -0.3370 -0.1957
-0.1595 0.2177 -0.1919
-0.2655 -0.4965 -0.4565
-0.3266 0.2517 -0.3614
0.2982 0.0223 -0.0800
0.3212 -0.5678 0.1905
-1.3801 -0.3458 -0.2879
-0.3562 -0.4856 -0.4054
-0.5223 0.1009 -0.4927
-0.3122 0.1885 -0.5015
-0.0667 -0.2894 -0.2687
0.4182 0.0121 -0.1235
0.2004 0.2817 -0.1338
-2.1125 -0.4690 -0.2661
-1.8697 -0.4497 -0.2055
-0.0307 -0.1678 -0.0648
-2.0474 -0.2461 -0.2212
0.4811 0.2767 -0.0111
-0.5325 -0.4410 -0.2851
-1.7158 0.1980 0.2561
-0.5992 -0.1147 -0.4115
-2.0048 0.3444 0.3242
-0.6016 0.1040 -0.3403
-0.3223 0.3783 -0.5513
-1.9657 -0.1664 0.0382
-0.3431 -0.5842 -0.5253
-0.8582 -0.5907 0.0710
-1.6825 0.1257 -0.1266
-0.3434 0.0476 -0.3962
-1.5104 0.3696 -0.0615
-0.3489 0.2455 -0.4323
0.2478 0.0438 -0.5130
-1.6414 0.0795 -0.1685
0.4595 0.1557 -0.4126
-0.8545 -0.1320 -0.3480
-1.9728 -0.4342 -0.3478
-1.0812 -0.4464 -0.3987
-0.4080 -0.8092 0.1234
-0.7865 -0.1125 -0.3944
0.1284 0.1565 -0.2810
-0.5927 0.1797 -0.5663
-0.0872 -0.4843 -0.4692
-0.1588 -0.2349 -0.1443
-0.4363 -0.5876 -0.0616
-0.2438 -0.0927 -0.4806
-1.5154 1.0563 0.3445
-1.1012 0.7867 0.0649
-0.9755 0.4969 -0.3468
-0.2938 0.3335 -0.1966
0.6309 -0.0310 -0.3279
-0.0588 -0.0146 -0.4935
-0.1578 -0.8585 0.2123
-1.9068 -0.4543 -0.3374
-2.0722 -0.4006 -0.3308
-1.0897 -0.0055 -0.3417
-1.1015 0.9197 0.7238
0.9849 -0.0004 0.0286
0.3320 -0.1406 0.1692
0.0544 -0.6319 0.0715
0.2783 -0.2831 0.0589
-0.0881 0.3238 -0.3503
-1.0418 0.1937 -0.4189
-1.0605 -0.1197 -0.4583
0.0989 0.5079 -0.2567
0.3618 -0.0020 -0.1209
0.2116 -0.0207 -0.1548
-1.3057 0.6132 0.0348
-0.0093 -0.8708 0.2169
-1.0663 -0.4455 -0.3820
-0.2907 0.0100 -0.4477
0.0018 -0.8949 0.1065
-0.5220 -0.3411 -0.3623
0.0358 0.1934 -0.4736
-0.6091 0.1960 -0.4264
0.5260 0.2058 -0.4910
-0.2362 0.5450 -0.4940
-0.4925 -0.7444 0.1972
-0.0823 -0.0783 -0.3662
-0.0750 0.2650 -0.2758
-0.1619 -0.3837 -0.3183
-1.4883 0.6052 0.0837
-0.0326 0.2459 -0.4746
-1.6520 0.2591 -0.1118
0.1726 0.3673 -0.2358
-0.7177 0.0757 -0.5118
0.3312 -0.0959 -0.5069
-1.1380 1.1878 0.4613
0.0886 0.3513 -0.2008
-0.5186 -0.0145 -0.4393
0.5324 -0.0725 -0.0206
-1.4818 -0.4516 -0.1648
-0.0918 -0.5309 -0.1571
0.1939 0.0115 -0.4453
-0.0694 -1.0479 0.2760
-1.7905 -0.4106 -0.3863
-0.4285 -0.9700 0.2096
-1.3904 0.1265 0.0707
-0.0617 0.0980 -0.4601
-1.7731 -0.0892 -0.0324
0.3493 -0.0817 -0.4359
-0.1350 0.0507 -0.2044
0.1569 -0.0206 -0.2281
0.9664 -0.1042 -0.1371
-0.7174 0.0112 -0.3383
-0.4831 -0.5612 0.1512
0.1020 -0.8877 0.2747
-2.0671 -0.2279 0.2789
-2.0665 -0.2287 0.2797
-0.8657 0.3673 -0.4204
0.4642 -0.2371 -0.1677
0.1216 0.0168 -0.0585
0.4250 0.4682 -0.5672
-0.8796 0.9199 -0.0624
0.1876 0.1741 -0.5931
-0.2716 -0.0594 -0.4722
-0.3491 -0.1413 -0.4526
0.3083 0.3331 -0.3943
-0.0569 0.0835 -0.3232
-1.7021 -0.6821 0.1527
-0.9271 -0.6581 0.2175
-1.1641 -0.4008 -0.3142
0.1269 0.1402 -0.4738
0.1015 0.0023 -0.3774
0.2599 -0.1909 -0.0695
-0.1930 0.0207 -0.3701
0.1789 -0.2647 -0.2494
-0.8996 -0.4128 -0.4596
-0.6968 0.1729 -0.2674
-0.6779 -0.1270 -0.1062
-0.0196 0.6231 -0.3818
-0.4279 0.0858 -0.5532
-0.3902 -0.8311 0.1300
-0.5530 0.3911 -0.4107
0.2566 -0.5091 -0.0457
0.0899 -0.3751 -0.2608
-0.2024 0.1692 -0.5933
-0.3783 -0.4701 -0.4659
-1.8370 0.1051 -0.1422
-0.5552 0.2814 -0.2031
0.6280 -0.2641 -0.1217
0.7359 -0.0840 -0.3210
0.1212 -0.7728 -0.1488
-0.4969 -0.4697 -0.2987
-0.4921 -0.5485 -0.0981
0.8308 0.3667 -0.3917
0.3245 0.5285 -0.3518
0.4677 0.4716 -0.3886
0.3747 0.5474 -0.6195
-1.0139 -0.3750 -0.3174
0.1675 -0.1574 -0.5154
-0.7714 -0.2529 -0.4819
-0.1766 0.0605 -0.3556
-0.0764 0.1047 -0.2552
-0.8740 -0.4098 -0.4568
0.1869 -0.7182 0.0948
-1.2771 0.8456 -0.0062
-0.4278 0.4410 -0.4257
-1.9608 -0.2527 -0.3023
-0.8933 -0.2999 -0.3559
0.5726 -0.8746 0.1975
-0.5498 -0.0045 -0.3884
-1.0229 0.0670 -0.3994
-0.0309 0.2843 -0.4410
-0.2038 -0.8085 0.2008
-0.0454 -0.4581 -0.4910
-1.3571 0.5197 0.1616
-0.2068 0.4086 -0.2859
-1.9631 0.3937 0.3450
-0.3821 0.1059 -0.5513
0.1633 0.5695 -0.4417
0.4752 -0.0492 -0.1099
0.5977 -0.0737 -0.0449
0.1977 -0.1274 -0.1409
0.4269 0.4136 -0.5161
0.7744 0.1841 -0.3998
-0.1456 0.4472 -0.3954
0.5082 -0.2939 -0.3371
0.3817 -0.4629 -0.2151
-1.6215 0.2364 0.3431
0.1392 0.3066 -0.3818
-1.2395 1.3441 0.6883
0.5567 0.4279 -0.4836
0.8947 0.0737 -0.3665
-0.3568 -0.1384 -0.3313
0.3268 -0.0817 -0.4585
0.0153 -0.2767 -0.2877
-0.1683 -0.4188 -0.2497
-1.6678 -0.3188 0.4099
-0.0935 -0.4809 -0.0852
0.2843 -0.3800 -0.0681
-0.5991 -0.5444 -0.1894
0.3650 -0.1015 -0.3330
0.2905 0.1503 -0.4184
0.5656 -0.1259 -0.1586
-0.3776 0.4090 -0.5995
0.0635 0.5709 -0.4306
-0.2383 0.0388 -0.5032
0.3018 -0.5490 -0.2991
-0.2923 -0.2704 -0.3324
-0.5041 0.4104 -0.4306
0.0847 0.1987 -0.3215
-1.8826 -0.1259 0.1294
-0.5704 -0.6048 -0.5414
-1.7083 0.0783 -0.2202
-0.8443 0.0803 -0.4878
-1.1950 -0.4638 -0.1710
0.3800 -0.0661 -0.1753
-1.9537 -0.1914 0.0662
-0.2775 -0.2992 -0.4625
-0.2460 0.1491 -0.1879
-1.2680 -0.5379 0.2188
-1.9604 -0.4580 -0.1617
-0.3461 -0.6485 0.1718
-1.3702 -0.2154 0.0942
0.5451 -0.0261 -0.2015
-1.6785 -0.5392 0.1064
-0.6167 -0.9225 0.2480
-1.2351 -0.2618 0.3359
0.0625 -0.9625 0.2948
-1.2037 -0.4058 0.3810
-0.5274 -0.8151 0.3251
-1.7407 -0.3656 0.1906
-0.9223 -0.6237 0.0265
-1.8536 -0.5343 0.1012
-0.1273 -0.6982 0.0264
0.1758 -0.9808 0.2919
0.3324 -1.0921 0.3453
0.2011 -0.8685 0.3490
-0.1254 0.1159 -0.4593
-1.4095 -0.3550 -0.4020
-0.6221 -0.5375 -0.1706
-1.3028 -0.3302 0.6460
0.3492 -1.0900 0.2741
0.2774 0.1391 -0.3853
0.9471 -0.1797 0.0215
-0.1460 -0.2772 -0.5238
-0.4370 -0.5386 -0.4151
0.2814 0.2766 -0.3918
-0.3627 0.0896 -0.3594
0.0091 0.2263 -0.4767
1.1123 -0.1755 0.0521
0.3564 0.8207 -0.1262
0.3670 0.8179 -0.1228
-1.7040 0.4780 0.4083
0.5955 0.0519 -0.3122
-0.6593 -0.7670 0.1462
-1.3326 1.0329 0.2104
-0.3139 0.2541 -0.3864
-1.6217 -0.0167 -0.4326
0.1810 0.7361 -0.5586
0.1807 -0.5391 0.1723
0.3935 0.0523 -0.5376
0.5955 0.4129 -0.1692
-0.3155 0.2167 -0.4053
0.1154 -0.6916 0.1334
-1.8299 -0.4576 -0.1087
-0.1435 -0.7401 0.2741
0.6492 0.1537 -0.3500
-1.0062 -0.4337 -0.2029
0.1376 -0.9320 0.0689
0.0084 -0.5310 -0.4029
0.4548 -1.0392 0.3856
0.1615 0.2874 -0.3483
-0.8088 1.0733 0.5355
0.7086 -0.0351 0.0250
0.0543 0.3284 -0.5501
-0.0884 0.3576 -0.5379
0.4217 0.2072 -0.1673
0.1959 0.0679 -0.5695
-0.7191 1.2677 0.2877
0.2001 -0.0702 -0.3133
-0.0321 0.2759 -0.1385
-0.7236 -0.3705 -0.2493
-0.0938 -0.7795 0.0085
-0.4972 -0.4921 -0.1649
0.8240 -0.7758 0.4674
0.3763 0.3048 -0.6576
0.0090 -0.0327 -0.0515
-0.8885 1.5010 0.8272
0.6895 0.2845 -0.1968
0.7474 0.3936 -0.3465
0.8611 -0.2225 -0.1727
-1.0251 0.9964 0.2916
-0.0191 0.2905 -0.3352
0.2674 -0.8407 0.0379
0.1315 -1.1190 0.3537
-0.8520 -0.2866 -0.3477
0.3724 0.2202 -0.3976
0.3199 0.4172 -0.4171
-0.3134 -0.7211 -0.2390
0.3305 -0.5399 0.1217
1.2795 -0.0314 0.0634
-2.1427 -0.4104 -0.1772
-0.4170 -0.6732 0.0086
-0.6395 -0.5389 -0.4471
1.0422 -0.0303 -0.3597
0.2712 -0.2635 0.0064
0.7922 -0.1423 -0.4369
1.0692 -0.2835 0.0846
0.2828 -1.1176 0.4676
0.5147 -0.8009 0.4327
0.2320 -0.6038 -0.3409
-0.3859 1.3881 0.1973
0.3263 0.3633 -0.4420
-0.1963 0.0860 -0.1851
0.4902 0.2135 -0.2790
0.5338 -0.6073 0.3204
1.4657 -0.0083 0.1272
0.5220 0.2959 -0.5763
0.2902 0.0690 -0.3034
-1.0097 0.6922 0.0938
0.1332 0.4373 -0.4207
0.3079 0.6796 -0.4250
0.1887 -0.8388 0.1490
-1.9583 0.1422 0.7465
-1.1710 1.5431 0.7717
0.0494 0.5881 0.0752
0.5654 -0.7158 0.2441
0.5988 0.4189 0.6508
0.8302 0.1502 -0.3573
1.0081 0.1808 -0.3737
-0.7862 -0.3648 -0.2944
1.3708 0.2143 -0.0041
1.0734 -0.4234 0.0689
-0.1033 -0.4917 -0.4491
0.0147 -0.4730 -0.3699
0.8374 -0.4796 -0.1889
-0.4229 -0.6033 -0.2793
-0.0350 -0.9476 0.3074
-0.3012 -1.1272 0.6565
0.1035 -1.1367 0.5300
-1.7717 -0.1476 -0.1643
-0.7102 -0.2688 -0.2904
-1.0999 1.2782 0.4752
0.4249 0.3648 -0.3422
-1.0841 0.8852 0.6407
1.0908 0.1757 0.0842
-0.2793 0.5029 -0.2303
0.1146 -0.0992 -0.3682
-1.8228 0.0018 0.0066
0.0607 0.3740 -0.3876
-2.0096 -0.3273 -0.3679
0.1080 0.3230 -0.4003
-1.0629 0.4154 -0.2148
0.5156 0.5855 -0.2819
0.5431 0.2268 -0.2311
0.9357 0.1355 -0.2434
1.1787 0.2118 -0.2959
0.6623 0.5494 -0.3634
1.2301 0.2248 -0.1366
0.5056 0.2109 -0.0903
-0.9927 0.8363 -0.0037
0.1082 0.4064 -0.3680
-1.6873 -0.2358 -0.1518
0.4625 0.1136 -0.2014
-1.2603 1.6859 0.8552
0.8835 0.3881 -0.1528
-0.1700 -0.4451 0.0425
0.5845 0.0947 -0.0796
-1.8238 0.4722 0.2113
-0.6111 -0.0738 -0.0591
0.1176 -0.5787 0.0366
0.0712 -0.6892 0.1477
1.1466 -0.4048 0.2371
0.2209 -1.1913 0.4506
0.5946 0.6546 -0.4854
-1.8298 -0.3493 -0.0682
-0.3738 -0.0193 -0.1422
-0.5790 -0.1728 -0.3947
-1.9740 0.2363 0.9322
1.3541 0.2903 -0.0251
-1.6606 0.3278 0.1811
-0.8234 1.7307 0.7481
-0.9561 1.5499 0.6452
0.6100 0.6289 -0.1622
-1.9341 -0.0345 0.0206
-1.2737 -0.4518 -0.1447
0.3833 0.1560 -0.2252
0.0079 -0.2857 -0.2531
0.4432 -0.4545 -0.1963
0.9062 0.2081 -0.2600
0.3980 0.0428 -0.1789
1.2614 0.1127 -0.0518
-2.0209 -0.2315 0.3091
-0.4074 -0.4536 0.2183
-1.4820 0.6200 0.2544
0.9638 0.6095 -0.1965
0.6539 0.0725 0.2665
1.1522 0.4336 -0.0809
-1.8822 -0.1522 0.0684
0.4280 -0.7186 0.1484
0.0352 -0.5499 -0.4730
0.7875 -0.6575 -0.1082
0.8167 -0.2374 0.2818
1.9241 -0.0977 0.2457
0.0554 -0.6479 -0.2377
0.5502 -0.7340 -0.0286
1.1081 -0.2351 -0.0986
-1.1918 -0.4121 0.4270
0.7667 -0.3326 0.1712
0.8610 0.0828 -0.3303
0.2466 0.5875 -0.4040
0.5262 -1.2561 0.5938
-1.1129 0.8197 0.4599
-1.9396 -0.2652 0.4546
-1.1086 -0.1403 0.5431
0.3439 -0.6951 0.0968
-1.7387 -0.3674 -0.3138
-0.1340 -0.4621 -0.0783
-1.8246 0.0007 0.2778
0.0706 -0.6041 0.3572
1.1634 -0.2724 0.1658
-1.5476 0.4347 -0.1276
0.0896 0.2071 -0.5443
0.7735 0.6525 -0.2845
0.4825 -0.0170 -0.1673
1.3186 0.6805 -0.1856
-0.3404 0.3659 -0.4647
0.8793 -1.1130 0.5382
0.5194 0.5019 -0.1966
1.0094 0.1983 -0.2785
1.0683 0.2169 -0.4158
0.6416 0.0512 -0.3579
0.3995 0.1279 -0.2744
0.6475 -0.3370 0.1494
-2.0882 -0.2582 0.1542
0.5006 -0.2537 -0.1094
-1.8491 -0.2449 -0.3572
0.0878 0.2620 -0.1974
0.5416 0.3468 -0.1663
-1.6592 0.5779 0.5530
-1.4169 -0.1876 -0.0446
-0.0080 -0.6101 0.1795
1.6952 -0.1748 -0.0036
0.0611 -0.9748 0.3080
-1.2327 -0.4510 -0.1416
0.7815 0.3650 -0.0899
-1.1613 -0.1794 -0.2318
-0.8878 -0.3895 -0.1674
-0.1966 1.1986 0.7584
-0.6009 1.1479 0.9466
1.6981 0.1672 0.1893
-0.6481 1.6382 0.7902
0.4928 0.4835 -0.0043
1.8481 -0.1029 0.2246
1.7687 -0.0114 0.2058
0.3774 0.4207 0.2652
1.2095 -0.1348 0.1770
1.5473 -0.0617 0.1655
-0.0575 -0.2083 -0.4447
-0.1382 -0.4697 -0.2488
-1.8545 -0.2366 -0.2650
-0.7583 1.2652 0.6462
0.3824 0.2607 -0.2066
-0.0862 -0.2597 -0.1428
0.9795 0.0253 -0.2332
1.4577 -0.2555 0.2280
0.5163 0.7891 -0.2554
0.8935 -0.0271 -0.2075
1.0402 0.3179 -0.0525
-1.4996 -0.2598 0.1699
1.2893 0.2187 -0.1335
-0.0129 -1.0254 0.4665
0.8760 -0.0009 -0.0782
1.5636 -0.0855 0.1749
0.1958 -0.5204 -0.0145
0.2860 0.2616 -0.3180
0.9168 -0.0372 0.1019
0.7967 -1.1337 0.5934
0.8011 -1.2271 0.5694
-2.2533 -0.1166 0.3854
-0.1101 -0.7490 0.2185
-0.0695 -0.5101 -0.4379
0.7503 -0.1380 -0.0901
0.9062 0.3657 -0.3112
-0.4452 -0.6312 0.0291
0.0453 -0.7369 0.2191
0.3843 0.7119 -0.3272
-1.6344 0.5474 0.1373
-0.3417 0.4085 -0.3373
0.4441 -0.4230 0.0540
0.6952 0.0693 -0.4485
0.8194 -0.9513 0.4614
1.5716 -0.1699 0.2343
1.6768 0.4201 -0.3356
0.8270 0.4818 -0.2401
0.2420 -0.0870 -0.0224
-0.0954 0.1608 -0.2128
0.1026 0.0178 -0.2009
0.9763 0.0307 0.0916
-1.5908 0.0247 0.5472
1.3279 -0.1929 0.2005
0.0930 0.1386 -0.2014
-0.0839 0.6016 -0.3029
1.1717 0.7846 -0.3939
0.0407 -0.2808 -0.4623
-0.8253 2.1115 1.1023
0.6374 0.9116 0.2295
1.6145 0.1694 0.0734
1.4274 0.5280 -0.0981
0.5791 -0.6234 -0.0598
-0.0830 -0.5216 -0.2694
1.0776 -0.0795 -0.1799
-0.0355 0.4198 -0.5448
-1.1918 0.6014 0.3818
0.5831 0.0424 0.2574
1.4023 0.3485 -0.2447
-0.9023 1.5481 0.5979
0.8369 0.3334 -0.0666
-0.5693 1.4603 0.6366
1.0801 0.4578 -0.1274
-1.8966 -0.3296 0.5713
0.3485 -0.4636 0.5444
-1.4747 -0.5596 0.4098
0.5399 -0.7301 0.5641
-2.1682 -0.0336 0.4508
0.1397 -0.9183 0.9128
-1.7965 -0.5545 0.3319
1.1372 -0.6474 0.7680
-1.6937 -0.5062 0.7563
-0.2438 -0.9478 0.6116
-1.8083 -0.3040 0.6944
0.2682 -0.5808 0.7202
-1.8343 -0.2916 0.0803
0.2711 -0.9804 0.8382
0.2564 -1.0834 0.5753
-0.1409 -0.6455 0.2031
0.3712 0.4734 -0.0168
0.1274 0.0303 -0.3013
-0.9754 1.5222 0.8130
1.2821 -0.0085 0.3084
-1.9671 -0.5528 -0.0241
0.4750 -0.4284 0.4694
-1.3152 0.0234 0.9368
-0.1220 -0.6750 0.7191
-0.3860 -0.5726 0.0799
0.8569 -0.0781 -0.1459
1.2934 0.2708 0.0950
-1.4007 0.3440 -0.0400
0.8198 0.8343 -0.1934
-1.5415 0.3324 -0.1494
0.3603 0.6757 -0.3704
-1.5457 0.4061 -0.0558
0.0479 0.4705 -0.2238
0.3531 -0.8258 0.4313
-2.0333 -0.0835 0.2173
-0.2318 -0.5543 0.1191
-0.8710 1.2214 0.1615
1.0435 0.4949 -0.0246
-1.8404 -0.3955 -0.2292
-1.5292 -0.4279 -0.2877
-1.9996 -0.4461 -0.3580
-1.0219 -0.2106 -0.1663
1.3914 -0.0476 -0.0569
1.2684 0.1044 -0.1101
0.9825 0.2261 -0.3927
1.5005 0.1240 0.2199
1.0819 0.1515 0.0260
-0.1213 -0.2932 -0.1252
-1.8113 -0.2515 -0.3094
0.7003 0.7255 0.0684
0.8296 0.0777 -0.3066
-0.0579 -0.8872 0.4486
-0.6881 0.7759 0.1908
2.0021 -0.0131 0.1649
0.9360 0.4733 0.0971
1.1848 -1.0915 0.6882
-1.4214 0.0789 0.3177
2.0561 0.1091 0.3711
-1.9493 -0.0516 -0.0875
-0.4609 0.0073 -0.4018
-1.9061 -0.5626 0.1170
1.1807 -0.8699 0.4076
0.5122 -0.9175 0.5661
-0.6244 0.7972 0.6670
0.8087 0.2298 0.1297
0.9881 -0.5608 0.4334
-1.8776 0.0065 0.0648
0.5647 0.1663 -0.0229
1.3255 0.5103 0.3781
1.2189 -0.8586 0.6078
0.5599 0.1697 0.1106
-1.3380 0.3514 0.7106
2.0471 0.1408 0.5742
0.8014 -1.2590 0.7755
0.7187 -0.8585 0.4301
1.0498 0.4698 -0.3550
0.9903 -1.0866 0.7858
1.5396 0.1925 -0.3513
1.0616 -0.0264 0.0613
0.8185 -0.0899 -0.0212
0.3805 -0.6119 0.3104
0.6305 0.6559 0.1288
1.4072 0.1341 0.3635
1.5942 0.4363 -0.2503
-2.0631 -0.1336 0.7331
1.2124 0.4765 -0.3011
0.2791 0.3879 -0.1707
0.0880 -0.5823 0.2003
-2.0580 -0.1174 0.0831
1.3073 -0.2660 0.5249
0.2698 0.8585 -0.2726
0.5548 0.7512 -0.1141
1.5654 0.5997 -0.1065
0.8151 -0.5347 -0.1871
-1.3481 -0.2923 -0.1839
0.1994 0.1701 -0.1401
1.2572 0.4705 -0.1098
1.2523 0.0747 -0.4286
0.2305 -0.5982 -0.2654
-1.4717 0.2029 0.6054
0.7249 0.1294 -0.3109
1.4031 0.4895 0.0804
1.1020 0.3728 0.0764
-0.8892 0.9303 0.1084
1.5059 0.7947 -0.0586
1.0987 0.1312 -0.1026
-1.1354 1.0013 0.1859
-0.6333 0.4282 -0.1077
-1.7958 0.2418 0.3288
0.6603 0.6350 -0.0385
2.2227 0.0446 0.3189
1.8225 0.1698 -0.2067
1.4720 -0.2826 0.0195
-2.0601 -0.3811 -0.2736
0.3048 0.3245 -0.0629
-1.4854 -0.3629 -0.2381
-1.5942 -0.0657 -0.2394
0.3818 0.6493 -0.0331
-0.3156 1.7075 0.6699
1.9063 0.6666 -0.1268
0.0418 -0.6091 0.3101
0.3122 -0.7783 0.3257
0.4759 0.4151 -0.1863
1.6498 -0.1074 0.2539
0.6626 0.2768 0.0640
0.5505 -0.2249 0.1260
-0.1706 -1.0813 0.6793
-1.1963 -0.1093 0.7518
0.3152 -0.7545 0.6273
-1.4013 -0.5566 0.9452
0.4508 -0.7476 0.6314
-2.1264 -0.4748 -0.3020
0.3656 -0.1107 0.2086
0.2970 -0.0730 -0.2024
-1.9905 -0.1764 -0.2337
-0.0171 0.6595 -0.1765
-0.8151 0.9163 0.1472
1.0758 0.6685 -0.3161
-0.0062 0.2538 -0.3676
0.3807 -0.9484 0.6722
-1.0879 2.4669 1.2143
1.4701 0.6588 -0.1379
0.7475 0.3049 -0.0882
0.7386 -0.6501 0.1374
0.2982 -0.8171 0.2066
1.5159 -0.1564 0.0036
1.1674 -0.1847 -0.1499
1.0133 -0.6223 0.0962
-0.6017 1.8637 0.6141
1.5782 0.5861 -0.0950
1.1311 0.5949 -0.0997
1.4652 -0.8867 0.6218
-1.9397 0.0166 0.1467
0.4438 0.5947 -0.1707
0.7468 -1.0648 0.9039
-0.0015 0.0890 -0.0131
-0.8780 1.2536 0.1551
0.1990 0.4915 -0.1573
0.1602 0.5609 -0.1012
1.5455 0.3622 -0.0416
1.8300 -0.4094 0.3894
0.5545 0.4596 -0.3296
1.0408 0.7328 -0.2660
0.0796 0.5625 -0.0277
-0.8817 1.0842 0.5397
0.0951 -0.1822 -0.2721
1.0027 0.3786 -0.1748
0.7907 -0.3053 0.0705
0.8598 0.6376 -0.2313
-0.3556 -0.2653 -0.2422
-1.7612 -0.5617 0.1329
0.2107 -0.3241 0.2739
0.2887 0.1288 -0.1250
-2.0312 -0.1093 0.7023
0.0522 -0.0402 -0.4565
2.2221 0.4408 0.4568
1.2173 0.7862 -0.1480
0.1806 0.1755 -0.1484
1.0649 0.3981 -0.0106
-1.9941 -0.2677 -0.2797
-1.1261 -0.1962 -0.2648
1.8460 -0.5891 0.4484
0.1718 -0.7338 0.3929
1.4791 -0.0128 0.2497
-1.1642 -0.1646 0.3710
-0.0548 -0.4036 0.5930
-1.1238 2.2167 1.2856
2.4943 0.9562 0.3695
0.0856 -0.1964 -0.0994
1.2477 -0.6008 0.6818
1.3409 0.3331 -0.4120
-1.8157 -0.2551 -0.3490
-0.0688 -0.3516 0.0240
1.3190 0.1996 -0.0564
-0.7503 1.5328 0.7260
1.0292 0.2901 0.1215
-1.9187 -0.2657 -0.3516
-0.2382 0.2173 -0.1155
-1.6079 -0.2878 0.0207
1.1147 0.2134 -0.1678
-1.3318 0.0040 -0.3587
1.2873 0.4618 0.0441
0.4077 -0.6676 0.4496
-0.4783 0.0251 -0.3544
0.8227 -1.0287 0.7536
-1.8521 -0.4303 -0.2247
1.7070 -0.1582 0.4113
2.2687 0.2268 0.0663
-1.6258 0.0600 0.4154
0.8327 0.4289 -0.2586
2.0480 -0.2107 0.4224
-0.9970 2.2678 1.2571
-0.3465 1.1253 0.2750
1.8490 0.2243 0.2228
2.1048 -0.0198 0.4033
1.1096 -0.2115 0.0370
-0.7696 -0.2387 -0.0455
-1.3136 0.1903 0.2782
1.1776 0.3845 0.3138
-1.7622 0.5874 0.5232
-0.3346 2.0285 1.6347
0.1200 0.6266 -0.0006
0.6496 -0.5248 -0.3841
0.9215 0.9010 -0.2670
-1.7999 0.7989 0.4786
1.0540 0.0448 -0.1808
1.4970 -1.1460 0.8083
1.1892 -0.7744 0.1421
-1.5027 0.1772 0.3396
1.9064 0.5492 0.5049
-1.4976 0.1976 0.3590
0.4761 -0.7172 0.6183
-1.5345 -0.4271 0.2859
-0.0778 -0.7063 0.6215
-1.5333 -0.4281 0.2870
-0.0914 -0.6921 0.6022
0.5871 -0.7793 0.2066
0.6734 -0.4847 0.5104
0.8768 -0.3100 0.5362
1.0170 -0.4576 0.7815
0.4251 -0.1829 -0.2634
0.8961 0.7447 -0.0971
1.0078 -0.0081 -0.2388
1.4923 0.2854 -0.3674
0.2897 -0.7462 0.0216
1.2383 0.0039 0.2113
0.4486 -0.0708 0.1970
-2.0620 0.1925 0.5305
0.8563 0.6221 -0.3989
-0.5670 1.2525 0.8717
1.7779 0.7459 -0.2057
0.1382 -0.2870 -0.1621
-0.0811 -0.3258 -0.2232
0.8311 -0.5815 -0.1586
0.6238 -0.5436 -0.2189
0.8267 -0.9234 0.5386
0.9178 0.3027 -0.4418
0.0855 0.4625 -0.1014
0.4411 -0.2431 -0.2814
-0.2733 -0.0506 -0.0379
1.2803 0.3820 -0.1938
0.3742 0.2201 -0.2776
-1.5230 0.3442 0.0320
0.3030 0.5643 -0.3963
-1.2218 0.7242 0.4048
0.6876 0.2454 -0.2051
1.9814 0.2062 0.4409
-1.6259 -0.2973 0.1324
0.6351 -0.4699 0.3014
0.3990 0.4516 -0.2096
0.3099 0.2005 -0.0660
-0.2277 -0.3715 -0.0745
-1.8345 -0.2724 -0.2367
-0.2196 -0.2794 0.0589
1.6860 0.8503 -0.1250
-1.9300 -0.3617 -0.2580
-1.7696 -0.6492 0.0905
-0.3070 -0.6801 0.5653
-1.8757 -0.3222 -0.1598
0.0837 -0.7023 0.6431
1.1535 0.0544 -0.0293
0.6961 0.3404 -0.2691
2.6909 0.0597 0.1507
2.1805 0.4385 0.3593
0.4069 0.4761 -0.0596
0.5145 -0.4169 -0.2855
0.6031 -0.2288 -0.2022
1.7514 -1.3085 0.9589
1.7997 0.2967 0.2559
1.7956 0.0136 0.5028
0.9455 -1.0548 0.5890
0.8135 -0.4824 -0.0706
1.4580 -1.1661 0.7204
1.2786 -1.1649 0.8537
1.2440 -0.8658 0.5508
-0.1321 0.0136 0.0174
1.0693 -0.5888 0.6221
-1.2646 1.4385 0.9031
-0.0992 0.6158 0.0431
0.6327 0.5856 -0.3335
0.1454 1.1030 -0.1718
0.6516 0.3574 0.0013
0.3080 -0.4059 -0.2941
2.1126 0.7975 -0.2250
0.8922 0.5429 -0.1007
-1.1270 0.0912 0.2742
1.3479 0.1221 0.3038
1.6979 -0.2324 0.4370
1.3709 -1.0672 0.8983
3.1150 0.1097 0.4677
-0.8958 1.2174 0.7811
1.6879 0.3427 0.1122
1.6268 0.1093 0.3004
2.1988 0.0364 0.4726
-1.6630 0.1214 0.1190
1.2700 0.4446 -0.2976
-1.3158 0.0748 0.0477
-1.9178 -0.2901 -0.2390
-0.2862 -0.3414 -0.2640
2.0217 0.0168 -0.1193
0.9346 -0.5913 -0.3003
-1.9788 -0.0461 0.4965
0.6252 -0.3937 0.0906
-0.5896 -0.0995 -0.2639
-0.6802 -0.3995 -0.1886
1.0564 -0.0374 -0.0360
0.3567 1.9167 0.8549
1.4836 0.7312 0.0615
0.5844 -0.7161 0.4877
0.6054 0.7258 -0.2742
-1.6275 0.0104 0.1375
-0.7442 -0.1220 -0.1752
1.1507 -0.5488 0.0679
1.8445 0.2487 -0.2075
-0.8791 1.5804 0.4618
0.8782 0.6736 -0.3319
-1.9827 -0.2967 -0.2750
-0.8138 -0.2019 -0.2633
2.3913 0.5189 0.2018
1.0591 -0.2553 0.0798
1.4279 0.5231 0.2278
1.7308 0.1770 0.0470
-0.0310 -0.5000 -0.4859
-1.5961 -0.4471 0.5985
0.6586 -0.8518 0.6150
2.0049 0.3045 0.1201
1.2300 -0.6388 -0.0541
1.7556 -0.1011 0.1721
2.2575 0.1663 0.0794
-1.7192 0.2601 0.0915
0.1404 0.7690 0.1230
1.4022 0.1370 -0.0285
0.6520 0.5609 0.0821
2.6452 0.0260 0.3507
2.0482 0.3181 0.7189
0.9562 -0.2630 0.3456
-0.8628 2.0474 0.7881
1.1092 0.8122 -0.2919
2.4441 -0.0631 0.4465
1.3839 -0.7520 0.3809
2.1314 0.0712 0.4355
1.9826 0.0584 0.2197
0.8895 -0.5535 0.6235
0.4127 -1.2010 0.6982
1.2830 -0.0117 -0.3778
-0.4728 -0.6383 0.3059
0.8806 -1.1059 0.7670
0.7100 0.3741 -0.1681
2.1707 0.8926 0.0816
0.7116 0.5311 -0.3827
-2.0224 -0.0689 0.7958
-1.2303 0.4858 0.1883
0.5410 0.1428 -0.0039
-0.1012 -0.2327 0.0086
0.5645 -0.4663 -0.3054
2.5284 0.3631 0.5429
1.3548 1.1948 -0.2106
1.1928 -0.3116 0.4017
0.6264 0.2305 -0.1440
1.3333 0.0039 0.0597
-1.4340 0.8787 0.4980
-0.1169 0.2532 -0.2958
-0.3511 -0.0117 -0.2391
1.2136 0.7744 0.0239
0.7211 -1.0133 0.6314
-1.1351 -0.3427 0.8966
2.7205 -0.6093 0.8342
1.1239 -0.7641 0.0049
1.5790 0.2512 0.3385
-1.8989 0.2935 0.6601
1.7958 0.9352 0.0942
-1.8918 0.7869 0.7840
2.5464 0.4965 -0.2530
-0.8010 1.5801 0.6380
0.1951 0.5154 -0.2349
2.5205 0.3050 0.1361
0.0653 -0.3728 0.1660
1.8112 -0.4247 0.2487
1.6917 -0.6571 0.0486
1.1475 -0.1356 0.0227
0.9976 0.2637 -0.1021
1.3082 0.5430 -0.4017
2.1454 0.3042 -0.1123
0.6062 -0.6018 -0.2287
1.7339 -0.0211 0.1934
0.3709 0.6148 -0.1637
-0.1636 -0.4558 0.0889
-0.2060 0.3541 -0.1157
-0.5449 2.0298 0.8419
0.0793 1.0761 -0.1849
0.3945 0.8739 -0.2797
-0.0398 0.7830 -0.2564
1.4268 0.6416 -0.3792
1.0327 0.6326 -0.2932
-1.1868 -0.2370 -0.3644
-1.6545 0.0648 0.4599
2.3859 -0.0746 0.4399
-1.6712 -0.4445 0.0691
2.4892 0.0207 0.7421
-0.6881 2.0446 1.3381
2.3536 0.7978 0.3339
1.0024 -0.0298 -0.3209
